00000000000000000000000000000000
00010000000000000000000000000001
00100000000000000000000010000010
00110000000001000100000000000011
00110100000001000100000000000100
00110011000011001000000000000101
00010000000000000000000000000110
00010000000000000000000000000111
00010000000000000000000000001000
00010000000000000000000000001001
00010000000000000000000000001010
00010000000000000000000000001011
00010000000000000000000000001100
00010000000000000000000000001101
00010000000000000000000000001110
00010000000000000000000000001111
00010000000000000000000000010000
00010000000000000000000000010001
0001000000000000000000000010010
00010000000000000000000000010011
00010000000000000000000000010100
00010000000000000000000000010101
00010000000000000000000000010110
00010000000000000000000000010111
00010000000000000000000000011000
00010000000000000000000000011001
00010000000000000000000000011010
00010000000000000000000000011011
00010000000000000000000000011100
00010000000000000000000000011101
00010000000000000000000000011110
00010000000000000000000000011111

